3.26169992136
4.94114088383
58.3230240751
4.23444382382
8.10604666734
70.3654211991
15.8430441024
9.19988657027
15.6189298046
16.7037655224
12.31485732
5.40604904295
19.7755052214
8.77680082359
3.34438444525
7.93296033503
6.54178603675
4.09581502096
3.97777892617
0.69228610442
5.6628325527
3.71057501511
55.2123593897
10.1057077927
33.655820595
12.5458867682
8.36281327785
9.65334836289
3.54200508424
5.13582502086
2.56224811362
1.5542185529
11.9777267896
14.9135354192
11.6411070015
14.3959148388
2.26197006261
13.7865359051
2.403181053
2.75172287078
8.43574372005
3.90218729087
5.02905267851
1.96442861504
2.73409387697
9.35813818766
1.94819228895
5.07430244719
31.9474527063
4.17150251663
7.17599949802
2.92993857759
6.66809024276
13.3086093195
3.37485487961
7.32619393311
1.13534533306
5.34434935407
8.50907412506
3.54380840282
8.6042653628
15.6614670892
6.14019213011
3.23083357782
7.65793461377
11.3682711072
12.9656092457
13.7437692889
7.98767302113
2.09320821355
5.73805792056
2.18515006407
7.25427747459
7.91744512897
6.9692651156
17.7929388938
11.2759468272
141.44142858
6.20695528448
22.2519793843
2.93106267871
15.8315400876
22.1381575549
6.5230040221
11.2008449411
5.85438409611
1.1571136966
10.9548917627
9.80825946074
8.36824218377
14.8388578886
2.9880864625
1.05399706323
5.33712248018
2.63078686884
4.37864941986
6.36830548835
7.31451777866
10.602706456
11.8672948875
7.18896709001
9.54821268013
14.5253055535
11.7993336386
13.2647812997
2.2019110241
2.65153992441
1.421527949
21.1673017921
2.69313234111
5.40757858297
3.51742836395
2.95275725588
12.5075529816
13.2428659879
3.66604737531
7.25094713244
82.4049681403
27.2371800336
2.77743695687
8.09621299107
6.27080820721
34.2568934126
3.49004317614
13.0388480778
11.2267299138
167.084429696
7.32440476092
19.8031409916
502.052303696
9.23216837519
4.57014353062
11.6955893053
10.0091194691
4.60914096515
3.67441986102
7.40829668684
3.059274804
781.282064948
2.63273546542
12.0855192881
0.604252161607
6.50554083941
21.9472963061
4.95783261113
10.8774511576
4.30033555044
6.83352859226
12.9695868621
24.157710896
12.013253221
1.93031533269
2.61773065614
7.99977353667
17.8154936253
7.86879673023
54.8961042855
143.917744881
5.67752333979
3.83054515123
5.79795610491
12.1495770802
13.1528963827
10.8702511513
2.26809081034
17.0784579972
15.4000731839
4.36577069732
4.67090533206
75.6910002098
7.03684680421
5.69929826026
-2.13621212432
27.3512724645
-0.898011189491
3.30466498145
-0.137482076737
10.7772887935
15.1277665182
10.9755479954
85.196408975
8.33392306176
8.98593546925
7.68430148572
14.3590444885
10.1063860896
13.154504404
65.6076812694
0.448675100731
4.90617517173
27.4678039004
5.17530833013
5.46188545681
5.19809731854
53.1194966782
24.2865329696
16.3294995039
9.16153734601
6.79617201555
3.96634764363
1.82838908077
5.04339387855
0.285564418995
4.36727592721
6.42288096633
7.56721791093
6.26062545544
7.31553404499
2.57020046788
19.8606640911
3.29073184312
4.93991511285
3.40402430259
49.3894040985
13.0867370728
2.82141224041
4.55430162897
6.65319900205
6.18895841937
14.9574432717
4.87451743573
13.5617089569
8.39627066654
2.57847046717
3.08981463465
13.1047885784
14.6960229324
136.380821312
13.6875309656
9.57608517957
13.0819496175
67.4331123114
10.5617193965
17.3373881307
38.4933532428
12.3254232823
12.7315322197
10.0636037439
64.5358948852
3.26189924662
5.68479308411
63.1229247827
2.43425664717
11.1265424537
69.424257727
183.801107744
1.71959377245
8.43433978748
13.0783018049
9.48914085859
10.2787984485
13.4863452449
7.70262764914
9.96972133948
1.76343013255
11.6751563677
6.47121245835
4.08597932149
-1.18359360926
8.30648794703
3.67050355004
0.392371893093
35.1636424923
15.5519837902
7.38903130035
6.94424979494
16.7571972482
7.27457653603
3.66577706097
10.0378719054
2.80570487258
5.43720562656
8.14212484278
51.6156821865
48.1876304729
1.77894106727
10.9377846439
8.67800896206
11.2774539661
2.77375504884
11.8869410323
2.82843874578
12.1297502308
4.69907032733
6.3797256093
10.3587254888
12.6875246366
9.5116718055
0.273087001049
3.57145018507
299.172049446
9.95605436376
11.6600095756
10.4759179901
8.6879026456
5.62173866885
6.61083441186
30.2160562204
17.40222264
10.5840629759
0.490570781284
-0.109606496081
13.7539730242
4.70990279585
15.4555348279
16.1347652697
8.10571306442
21.5205900494
11.2239878153
34.8438871165
1.41015858392
15.5746051368
6.29389766137
0.896898712402
17.70493575
22.9748797143
5.8306967545
1.93910931612
4.10907136402
3.10734643739
6.68044759898
9.02188747378
20.3988732676
1.01175464514
2.57007333451
9.99195639846
22.4186564279
3.8582362757
4.33230794758
832.378529637
4.60732872505
32.0519840436
24.1236149377
5.27759360693
0.791210703447
14.078639811
3.70303816022
8.56381611267
0.362282580186
12.7929014281
20.5640915068
20.0164535458
8.04244587934
9.14614380762
18.0145236614
5.69626605716
13.7862220845
7.07713368761
21.6744770661
56.8580007478
9.52301737904
14.2502025966
6.32712267221
11.984417756
1.14415870097
3.15202955824
30.5139808032
14.7367406099
77.076018748
7.15040540083
2.79545419905
7.30109090051
7.78306748945
6.82173063367
4.86559821614
4.8838768845
66.4860187644
19.7717478875
91.781445932
58.2843029752
4.46834774317
-0.539475006303
7.39237003844
12.8391513193
8.32215357077
0.339435248019
22.3539022244
2.41552873277
2.14829389531
31.6098902751
7.41310193519
36.1924566944
9.50514550894
16.6742875404
20.7444046211
9.05022373448
1.37822629077
1.35108935843
33.8975352578
3.02375088121
8.06306764589
1.64821483262
4.92083470075
47.5220652396
8.53128115439
9.74192682937
19.4758349404
11.9079213673
5.31490083146
1.19923296724
4.51560699997
14.395745066
12.7322050489
10.746323703
3.04431822353
19.0495692119
12.5361796481
25.116983416
20.2959218462
1.72792335069
1.67942527972
31.6713908727
16.5943356734
1.71081239834
24.8128784933
17.6501162708
13.2319179414
4.27457498401
7.68374146418
49.7794907904
12.5249783811
7.65044721502
31.0607821125
9.97845963454
0.686662563657
17.1455121264
5.83650235156
10.8484323601
4.03843561364
11.8422057299
9.90213009555
19.6044050438
78.2811234692
6.68978792675
743.457431261
15.9291334659
7.45523857219
6.59585457924
2.65884534183
9.042828402
22.5295964393
40.0680599477
21.7114928225
7.41259425493
4.72579229252
12.5065173951
17.1153035257
12.5595828926
8.46578038553
22.7259756328
11.2135037038
7.61301642671
9.52618459505
6.13757187622
12.2386220452
39.8132706451
4.84970227589
2.62391893577
86.1142706434
13.713669853
7.37233687894
11.4365589215
6.17559062281
4.32497263343
5.1885492621
14.2432605343
1.19076601118
8.24721104957
1.92785545922
2.63683176624
378.771283981
5.97793220281
16.9943896299
35.3175832918
6.60093684198
20.8904308719
5.88775900892
4.71271416712
6.16289814788
16.2725844155
10.2985045915
8.18887999953
12.8189289048
5.58720394219
25.0673500641
22.420666138
3.21286165303
5.5027412754
61.3096787971
2.18804384756
4.22561774332
26.0337229683
6.04521634714
179.267580452
0.746635019584
22.0238540586
8.71920407625
8.18863336825
81.4274303328
74.4569448565
13.1183130031
26.0610649484
7.58323919447
5.6462330225
1.47060593597
7.52116990398
4.03580907107
5.83838890282
9.41511726313
5.43432425184
32.2772232549
8.20057299029
4.57808558433
93.0736410412
37.4348864653
4.16594846354
5.58047736725
4.99817170695
2.957143142
2.25683244053
3.68488858862
5.30296646768
27.7950058939
6.52369415605
18.5608898121
3.8045310312
199.470386198
29.9839913318
2.43762217836
5.96598971791
9.54316758199
13.4509422447
11.8439014839
6.09703827822
1.88173914168
3.80459251921
14.531136436
15.8455747164
17.1627731705
4.42532740896
12.6291907186
30.8736049966
6.15310933604
9.02071986738
8.4442648906
5.39048234057
11.2173391796
0.291020508899
12.9209520855
7.142427722
4.2507789474
216.771649285
5.27742999321
8.28713527045
16.0712809348
32.0005185485
1.13400300872
7.10517914672
4.16956833439
8.08937827225
3.28711806595
2.08772847894
6.41741982454
0.45581154305
5.60791548347
9.01392257248
7.95390587336
28.9081163754
7.57754702622
8.33782137223
6.60210496042
30.6822717536
15.4242114731
2.42178144992
6.62930179207
23.5903492402
21.7715873331
49.9257843135
4.42736373099
11.7180298226
8.26249376054
1.77470270239
17.9664952956
1.04875859299
13.860963882
52.6715151104
13.8380258588
17.7417713098
3.69069251805
-0.518059079835
23.6400701621
40.7489235521
4.37883764706
3.65327205468
15.3755454892
3.28531402504
273.372430668
159.752756939
12.2668471366
0.239569183688
16.683668962
6.01462300451
8.56456644283
15.5656412044
9.82100854925
5.03110023532
6.90089134498
145.694805801
6.13863199396
8.74065548881
23.7905876772
90.7825732962
4.61153895598
7.98353959863
7.26766334275
6.34293999506
3.83635632863
9.4338156374
4.56512149344
9.41789235909
27.6314830473
4.36703115552
3.17621387383
4.04843006637
2.54377169936
16.0929400119
3.19370125434
7.94791886697
9.31365369294
29.1983404072
0.161468893212
9.26293486785
5.4399680244
18.5713000116
27.8487239466
15.5450538214
2.13355759035
5.20439637393
11.6402719587
9.9061666621
14.349417851
11.8584877882
4.21807865808
101.001380079
86.0716512976
5.07069327035
3.44156292028
5.36686724062
177.166978218
9.83190811977
23.8227423656
2.98631738332
7.6550196273
10.8156704489
3.56825227521
5.79743464177
10.7767028394
23.0717718157
3.59769010882
0.690238046357
5.28902478686
2.6891042905
4.77103007425
28.2865086055
6.2081515782
32.5906994637
6.7884311706
29.7804936843
11.9722609538
4.30828370842
8.96358474032
5.09659920967
2.16922379051
48.5558825599
2.63140135401
5.89815937813
1.64239430783
11.7942626515
13.51822272
5.68290714742
6.2645907532
5.38111600411
9.17205036985
2.24477748461
8.20937072381
5.59352879573
14.2175037335
29.7435054323
6.55245748722
25.1087791352
7.72255351705
8.92742067897
8.26201851736
4.73478516361
10.1821710345
1.42966894126
73.1763787125
17.3979253085
1.06533612198
8.35942751096
1.31055799574
9.67435590023
74.8368983498
11.1408996702
8.95988279546
13.7453112743
3.59731335055
9.50421676176
12.5647510261
3.11114955622
59.837492355
3.60675847812
10.1197767866
24.6684201596
2.38718821236
12.9033699267
19.1103205169
12.2824117261
-0.310872639965
3.88101689874
11.6198827297
0.939787206749
12.9694302984
12.9768770103
12.7562507084
6.60419157807
12.4126963061
11.5291788978
77.8955849442
359.199540596
2.25793299486
1.66061633456
7.07972364736
58.1756847414
14.1583865681
7.7764842624
1.1221573976
16.0694574232
12.9931761191
3.94610366427
6.6382154531
65.3049222224
0.643241306364
49.3400766675
24.1326377889
12.4514930719
27.1948988384
12.1116501933
7.53082180641
5.25844359311
5.93280355752
4.89967170118
4.29525136422
0.575748288338
12.1021653479
14.314532258
11.1440652412
2.69153852948
7.53056319397
42.0598043223
2.61795468052
6.72198988939
4.63087662923
17.8796779686
12.6234481127
0.56794889144
8.22473973778
39.0422568774
13.9795492146
11.3787761371
10.0672926984
11.4063935519
15.14875116
11.7674738422
7.72136539589
10.9882921667
4.55027872809
20.135715386
4.19738683941
7.49071033866
28.2999675243
3.83203313778
8.85881937661
2.70867969574
10.092940494
4.65296903274
3.90203545292
9.47843822523
24.7182821511
8.65503295704
9.59972784104
12.5657121611
2459.36500417
3.4845493371
2.55132489477
1.6717519252
11.2221908114
5.38961876167
31.5213504568
19.9483792262
7.14405258241
8.87893982503
7.5285872181
11.4524934823
9.79018936519
72.433686249
36.5639142765
13.8521406865
6.30680128441
13.1911666099
3.76615304822
11.0737668443
6.88011686613
21.5094812801
16.4542154654
13.9415175696
6.11482489494
21.1400812421
16.2322452717
1.22361338593
8.95865482915
11.0557439401
4.77863856477
19.4861120449
4.28318298324
35.2230244808
4.61025123777
3.67078528233
-0.100122762757
24.9936510731
11.1742222316
25.3369633703
2.92034540537
28.020293356
14.1800208605
2.1391065234
0.328259168435
18.1366013069
0.683748226733
8.47851000159
1.93489449175
17.5299217669
28.0005256016
29.4067086587
30.1227742216
27.9737943913
7.63368630539
34.7813551722
9.36978938342
1.39816592846
10.382924627
9.72902104375
17.7004698427
5.12239861346
1.01388391091
6.63942126812
4.93635345098
19.968474826
8.52817831753
13.3539974097
8.28764690537
7.56096084036
7.00558938732
0.968535519596
2.11300274833
6.56514232714
2.84743735295
92.1483635941
20.3961826657
5.5536985618
77.6694432751
2.27424768177
2.31995644774
5.28714613026
5.66489758099
25.6406577513
8.84271483003
11.0214023769
149.37298059
19.2215466067
3.77630771333
7.59846495197
9.8922104082
4.00173950065
13.2893549461
4.88516595821
3.50557942383
6.62266158179
3.2609523722
19.6296173544
1.97333276107
11.675283759
4.22335348762
10.1096438403
26.6052924993
47.4559615704
21.2944562937
8.02525279307
11.6184698595
3.53090759418
7.81898496805
5.31570786166
12.6567137838
14.771997922
9.98402624574
8.94388396508
20.1829357595
205.2805552
5.52350340839
10.775733008
16.6814981519
18.7289089587
1.70297918516
9.42598673545
-0.314810846525
18.274698461
13.387831716
80.6564283474
8.71183519999
6.0088476484
8.05734888946
7.14475742231
694.726435734
10.6385418443
18.3008458946
97.4359098895
8.15960415629
2.180045209
134.466415902
2.61849360059
11.4384371888
3.71196899714
3.97626205337
0.0283135088666
6.15042754612
5.758014818
14.7467458569
6.16336601912
0.340479030032
2.79008364243
10.272718584
15.3030387114
26.5012564024
2.87250978942
1.31376508651
6.76025384263
4.37293714578
7.87731578629
27.9362169089
7.56396399377
1.73680236281
5.38362104636
8.25282437514
15.7092336305
13.6090623915
159.925372215
5.46466339845
19.7590661271
1.33875833797
15.940213791
5.23367746111
2.14703654397
48.5515171505
15.9779728211
2.2702045707
14.6793680602
3.94376224517
79.7057980171
16.1021873391
15.6021712486
8.58533879276
2.04150085464
12.037350665
1.94905237713
14.9835501183
9.04289852013
16.1084799923
26.1339355407
0.833085015153
2.14777067765
12.2047471689
73.4642719527
8.14474414092
25.9264474211
1.99495217025
14.6007526774
24.6541970901
21.0544289774
14.5003406424
6.79206888143
11.6248149303
8.86142123584
6.23122755703
5.95332881819
10.55759693
2.22536399216
4.85385590844
